date,imgw_Zalesie,imgw_Trzemeszno,imgw_Pakość,imgw_Jaksice,imgw_Gębice
1986-01-01,86.8,30.4,45.6,55.5,44.2
1986-02-01,14.2,15.1,8.9,7.3,11.4
1986-03-01,17.6,23.8,22.1,22.1,18.2
1986-04-01,22.6,37.3,34.2,19.2,32.8
1986-05-01,83.8,61.4,45.1,39.9,74.1
1986-06-01,162.9,46.9,40.5,38.8,61.9
1986-07-01,73.6,65.2,55.8,56.5,76.0
1986-08-01,137.4,68.9,82.8,75.5,63.2
1986-09-01,14.1,33.9,38.1,30.4,39.5
1986-10-01,35.1,31.3,30.5,28.3,35.9
1986-11-01,16.7,25.2,27.5,23.1,23.9
1986-12-01,112.1,59.8,66.5,63.2,60.2
1987-01-01,84.7,26.4,36.5,36.0,36.3
1987-02-01,24.9,31.2,32.6,30.5,29.0
1987-03-01,67.3,15.3,15.5,11.1,11.5
1987-04-01,55.0,56.1,39.9,33.1,32.4
1987-05-01,167.4,25.5,25.1,24.1,16.1
1987-06-01,70.2,62.0,69.3,76.4,67.4
1987-07-01,68.1,105.6,136.2,150.5,114.8
1987-08-01,109.7,63.7,53.2,45.1,44.5
1987-09-01,94.0,97.3,89.0,85.4,66.0
1987-10-01,36.4,42.7,46.5,48.1,39.2
1987-11-01,83.5,83.1,82.5,65.1,87.3
1987-12-01,119.9,36.7,32.4,30.4,33.8
1988-01-01,19.3,39.1,45.6,45.0,32.7
1988-02-01,50.6,57.7,45.8,48.0,47.0
1988-03-01,61.5,31.5,34.9,37.6,35.5
1988-04-01,32.1,14.5,6.9,5.0,10.7
1988-05-01,62.6,11.7,21.3,18.0,34.3
1988-06-01,120.8,80.2,85.2,43.3,66.8
1988-07-01,85.6,82.1,118.1,89.7,103.8
1988-08-01,95.4,46.5,38.1,42.5,35.9
1988-09-01,67.0,59.2,48.4,44.1,55.9
1988-10-01,21.2,9.4,9.1,3.4,8.3
1988-11-01,90.0,49.5,51.8,48.7,41.1
1988-12-01,137.7,41.6,60.9,49.1,43.6
1989-01-01,28.1,11.0,13.1,13.4,12.3
1989-02-01,26.5,19.8,21.9,23.0,18.7
1989-03-01,35.6,10.2,28.7,15.1,14.8
1989-04-01,86.9,24.0,15.2,16.5,18.3
1989-05-01,147.5,14.6,12.6,5.6,11.0
1989-06-01,205.5,61.2,40.1,35.5,34.1
1989-07-01,155.5,24.9,36.9,25.3,21.5
1989-08-01,154.7,26.5,14.9,12.9,23.8
1989-09-01,70.6,22.7,5.7,6.8,16.3
1989-10-01,75.7,29.3,33.4,26.9,31.3
1989-11-01,73.4,29.7,25.3,16.1,21.7
1989-12-01,35.7,53.9,43.6,40.5,42.2
1990-01-01,35.6,12.2,13.2,13.3,14.1
1990-02-01,55.6,34.3,26.8,28.0,20.2
1990-03-01,51.3,16.3,22.9,21.1,16.7
1990-04-01,159.4,38.4,28.3,36.1,37.0
1990-05-01,88.6,44.2,19.6,29.3,30.2
1990-06-01,102.1,70.2,95.9,50.4,56.8
1990-07-01,79.4,66.3,56.1,59.1,71.6
1990-08-01,128.0,42.0,47.2,35.8,46.2
1990-09-01,162.1,74.2,58.5,53.1,55.3
1990-10-01,26.1,67.8,52.4,38.4,56.3
1990-11-01,57.2,61.3,39.8,33.8,40.3
1990-12-01,46.8,35.3,34.0,29.9,28.9
1991-01-01,17.4,15.0,19.7,18.2,16.9
1991-02-01,42.6,15.3,11.3,10.2,11.1
1991-03-01,22.5,22.6,20.2,18.3,24.0
1991-04-01,75.5,29.3,29.2,24.5,24.6
1991-05-01,107.5,42.2,63.7,48.3,73.2
1991-06-01,72.5,113.1,102.3,100.6,82.8
1991-07-01,75.1,51.3,29.0,21.4,64.0
1991-08-01,177.0,24.8,47.0,41.0,26.4
1991-09-01,83.5,27.6,41.5,23.3,33.8
1991-10-01,71.7,29.2,25.7,22.8,21.4
1991-11-01,31.3,40.7,39.5,41.4,41.1
1991-12-01,93.2,32.2,38.6,30.1,32.8
1992-01-01,57.4,12.5,11.4,12.7,9.2
1992-02-01,63.9,21.6,19.8,18.2,26.0
1992-03-01,53.4,75.4,60.6,49.8,64.1
1992-04-01,44.3,10.7,19.2,10.0,8.7
1992-05-01,89.1,52.0,47.1,50.2,26.5
1992-06-01,68.1,29.3,37.2,31.8,26.5
1992-07-01,117.9,15.9,35.0,43.5,20.6
1992-08-01,53.4,41.3,37.3,36.8,43.5
1992-09-01,117.8,18.1,32.2,28.1,24.7
1992-10-01,94.3,27.7,29.1,22.0,26.0
1992-11-01,72.5,42.8,48.0,43.2,42.4
1992-12-01,53.0,26.9,34.9,48.4,28.6
1993-01-01,68.6,43.5,45.8,40.7,40.2
1993-02-01,52.4,19.3,25.4,33.0,24.0
1993-03-01,109.5,34.2,28.5,36.3,25.3
1993-04-01,79.2,9.4,14.2,18.4,10.5
1993-05-01,66.2,75.3,43.2,42.6,76.1
1993-06-01,84.0,65.8,76.8,64.5,92.7
1993-07-01,88.3,89.9,100.5,95.3,97.4
1993-08-01,78.9,78.6,90.6,98.3,50.1
1993-09-01,35.8,84.4,90.7,103.0,87.5
1993-10-01,26.3,12.6,13.8,15.1,12.0
1993-11-01,38.7,35.7,32.8,37.0,32.0
1993-12-01,36.5,75.3,74.7,74.5,66.5
1994-01-01,73.2,40.7,50.4,48.3,38.1
1994-02-01,17.8,16.1,17.0,21.1,13.7
1994-03-01,118.4,65.5,62.8,49.6,63.1
1994-04-01,112.1,21.5,28.9,28.4,29.3
1994-05-01,82.6,59.1,56.4,68.3,67.7
1994-06-01,97.3,33.9,39.4,23.8,31.7
1994-07-01,42.9,44.5,21.6,12.1,42.8
1994-08-01,88.2,40.7,39.5,55.2,59.6
1994-09-01,48.7,78.2,82.4,74.5,75.9
1994-10-01,78.1,35.3,50.0,51.3,33.7
1994-11-01,62.2,21.3,30.0,17.4,18.7
1994-12-01,60.4,47.4,51.7,42.3,41.7
1995-01-01,69.2,26.7,27.3,31.9,22.9
1995-02-01,54.3,32.8,24.5,20.5,29.8
1995-03-01,85.2,31.4,41.0,40.4,33.0
1995-04-01,123.9,16.6,23.9,20.2,17.3
1995-05-01,73.3,39.4,28.8,25.4,26.1
1995-06-01,161.7,121.0,66.7,95.0,104.4
1995-07-01,57.3,59.1,23.9,50.9,25.6
1995-08-01,113.3,68.9,87.6,127.5,67.1
1995-09-01,93.1,101.0,150.4,156.6,118.9
1995-10-01,15.4,13.1,13.2,12.4,10.3
1995-11-01,91.5,17.6,13.7,12.5,17.0
1995-12-01,58.5,17.9,16.5,14.8,17.9
1996-01-01,27.6,15.1,12.9,15.3,11.9
1996-02-01,38.0,39.7,36.0,44.6,29.7
1996-03-01,61.2,7.2,5.1,9.2,8.4
1996-04-01,41.5,15.4,18.0,21.3,15.9
1996-05-01,122.8,117.0,77.1,89.6,95.5
1996-06-01,65.0,59.0,67.8,58.4,41.8
1996-07-01,118.2,163.6,111.6,125.4,77.4
1996-08-01,190.2,76.4,46.6,48.9,37.3
1996-09-01,232.1,61.3,42.1,38.4,56.6
1996-10-01,59.0,28.1,20.8,17.8,21.3
1996-11-01,32.2,22.9,21.8,19.3,19.0
1996-12-01,33.8,4.6,5.9,5.2,5.7
1997-01-01,16.1,4.9,1.0,3.9,1.4
1997-02-01,43.5,47.5,37.6,34.2,50.6
1997-03-01,58.1,26.2,23.7,26.5,20.4
1997-04-01,92.4,31.1,31.1,33.5,21.5
1997-05-01,123.5,62.5,58.1,66.5,41.4
1997-06-01,87.0,83.1,53.2,39.1,62.0
1997-07-01,,210.8,142.1,136.9,148.7
1997-08-01,,82.3,32.5,31.5,39.1
1997-09-01,,36.3,20.4,21.7,26.3
1997-10-01,,49.9,38.0,32.5,37.8
1997-11-01,,21.8,18.7,21.5,19.4
1997-12-01,,41.5,35.7,41.2,31.3
1998-01-01,,39.5,30.5,27.7,32.2
1998-02-01,,25.0,19.2,16.0,20.1
1998-03-01,,51.2,63.2,50.9,48.9
1998-04-01,,35.9,45.4,38.8,37.7
1998-05-01,,27.5,38.9,46.3,38.1
1998-06-01,,37.4,65.5,39.5,35.4
1998-07-01,,80.6,61.1,95.6,101.3
1998-08-01,,53.2,71.7,74.0,57.9
1998-09-01,,121.8,97.6,105.9,110.0
1998-10-01,,69.4,60.4,52.6,55.0
1998-11-01,,54.8,41.9,49.9,45.5
1998-12-01,,50.9,49.4,40.4,49.2
1999-01-01,,39.1,28.8,29.6,38.0
1999-02-01,,33.5,32.0,32.7,33.0
1999-03-01,,63.8,59.1,56.4,50.2
1999-04-01,,104.9,101.9,108.8,96.4
1999-05-01,,40.8,53.6,60.2,32.1
1999-06-01,,101.7,78.9,84.1,93.2
1999-07-01,,58.3,66.6,69.6,49.8
1999-08-01,,16.1,27.0,39.2,16.1
1999-09-01,,19.0,24.3,22.2,16.1
1999-10-01,,28.6,26.5,34.7,29.9
1999-11-01,,39.3,37.3,32.7,32.0
1999-12-01,,37.0,48.6,54.9,39.4
2000-01-01,,23.2,33.7,22.9,20.9
2000-02-01,,29.1,29.1,35.9,26.8
2000-03-01,,63.6,44.8,41.3,60.9
2000-04-01,,11.3,10.2,12.2,15.4
2000-05-01,,31.7,28.0,20.2,25.3
2000-06-01,,28.7,20.7,20.8,29.5
2000-07-01,,132.4,115.4,120.4,123.9
2000-08-01,,57.7,78.7,61.6,50.1
2000-09-01,,33.8,68.9,60.2,34.8
2000-10-01,,12.9,11.3,8.9,8.2
2000-11-01,,42.3,51.4,47.0,43.3
2000-12-01,,41.6,47.3,43.3,39.2
2001-01-01,27.5,15.1,16.7,10.7,12.8
2001-02-01,27.9,21.6,29.2,18.1,21.2
2001-03-01,78.0,46.2,43.6,43.1,42.0
2001-04-01,54.2,45.5,59.7,56.2,52.2
2001-05-01,16.0,38.3,37.6,53.8,26.3
2001-06-01,63.7,70.7,80.8,84.5,73.5
2001-07-01,103.8,70.6,149.9,154.2,106.7
2001-08-01,31.2,21.9,33.7,37.5,25.7
2001-09-01,122.9,103.4,112.6,90.7,89.1
2001-10-01,17.4,25.8,23.5,35.1,16.9
2001-11-01,24.2,17.7,18.3,10.9,19.6
2001-12-01,74.7,43.5,34.2,19.7,38.2
2002-01-01,64.3,33.9,40.3,34.9,32.4
2002-02-01,88.7,54.1,72.0,71.5,55.5
2002-03-01,66.6,51.3,60.9,51.7,55.6
2002-04-01,26.7,23.5,17.1,14.3,13.5
2002-05-01,42.1,49.5,65.2,76.8,42.1
2002-06-01,40.7,59.3,72.4,49.9,55.7
2002-07-01,39.5,48.5,68.9,94.0,33.7
2002-08-01,111.5,65.2,53.1,36.2,45.2
2002-09-01,36.8,78.2,47.1,72.3,34.2
2002-10-01,101.6,89.6,103.3,101.9,84.3
2002-11-01,45.7,48.1,44.9,38.7,45.3
2002-12-01,24.2,9.4,13.0,6.5,10.3
2003-01-01,45.6,41.2,37.7,40.6,38.3
2003-02-01,10.0,4.4,3.3,4.2,3.4
2003-03-01,13.1,13.8,13.3,15.5,11.0
2003-04-01,23.5,14.5,11.8,15.3,16.3
2003-05-01,22.5,29.6,23.3,37.9,34.1
2003-06-01,46.2,10.0,32.5,29.8,22.3
2003-07-01,107.6,64.8,96.0,105.5,96.6
2003-08-01,15.8,21.5,11.1,7.9,11.8
2003-09-01,15.8,15.2,23.9,30.5,14.2
2003-10-01,29.4,45.1,41.8,36.0,27.5
2003-11-01,28.7,25.9,25.6,26.3,19.9
2003-12-01,35.9,36.1,21.2,31.9,25.9
2004-01-01,63.8,49.7,37.2,37.8,35.8
2004-02-01,43.9,31.0,42.3,45.5,33.0
2004-03-01,15.9,30.1,36.3,35.1,26.2
2004-04-01,13.6,20.2,18.6,12.7,15.6
2004-05-01,52.6,51.0,48.2,57.2,45.0
2004-06-01,53.8,50.7,45.3,24.3,35.9
2004-07-01,44.0,51.2,52.1,54.9,45.8
2004-08-01,69.3,82.9,86.1,78.0,61.7
2004-09-01,35.5,26.7,25.2,20.4,27.2
2004-10-01,49.1,50.4,46.5,48.9,41.3
2004-11-01,47.2,46.7,36.0,33.5,42.2
2004-12-01,37.9,38.2,43.9,40.5,39.5
2005-01-01,56.7,27.6,29.8,27.6,19.7
2005-02-01,46.9,53.0,35.5,42.6,47.2
2005-03-01,27.3,17.6,17.6,29.1,19.0
2005-04-01,33.9,36.0,45.9,58.4,32.9
2005-05-01,91.3,88.6,75.9,96.3,104.9
2005-06-01,18.0,20.1,22.8,36.4,22.4
2005-07-01,40.5,60.9,39.2,32.9,46.9
2005-08-01,80.1,73.6,27.2,31.9,39.9
2005-09-01,18.5,19.8,23.8,23.1,18.8
2005-10-01,5.1,3.2,6.1,4.3,4.3
2005-11-01,18.8,21.4,22.9,28.2,17.5
2005-12-01,86.9,81.1,87.8,98.9,84.2
2006-01-01,7.9,14.9,12.5,7.3,15.6
2006-02-01,29.9,44.9,28.5,37.9,37.6
2006-03-01,18.1,24.0,21.8,19.1,20.2
2006-04-01,56.9,53.5,46.3,44.3,55.6
2006-05-01,42.7,50.4,50.8,43.0,43.3
2006-06-01,14.7,23.5,22.2,15.8,24.3
2006-07-01,10.4,23.4,27.3,22.1,10.0
2006-08-01,160.4,170.9,176.3,159.9,202.9
2006-09-01,43.9,16.0,22.2,29.3,18.1
2006-10-01,9.2,32.1,20.6,17.8,32.5
2006-11-01,23.5,38.9,34.1,27.3,26.7
2006-12-01,38.6,36.5,30.7,32.6,28.2
2007-01-01,79.0,86.7,70.7,73.3,75.7
2007-02-01,50.3,53.0,38.3,43.9,47.6
2007-03-01,57.0,59.3,59.7,38.1,53.5
2007-04-01,12.5,9.8,13.8,22.2,10.6
2007-05-01,78.1,56.8,38.4,32.0,68.3
2007-06-01,115.4,61.1,61.0,81.6,70.4
2007-07-01,79.3,145.2,126.1,127.6,135.4
2007-08-01,37.8,65.6,50.3,66.3,77.0
2007-09-01,42.8,34.9,36.2,31.3,29.1
2007-10-01,17.3,14.9,19.5,7.7,13.1
2007-11-01,26.0,42.0,27.3,27.8,30.0
2007-12-01,33.9,32.5,25.4,23.1,29.2
2008-01-01,66.5,79.3,65.5,61.7,64.6
2008-02-01,23.2,32.1,23.5,26.2,24.9
2008-03-01,42.9,53.0,52.1,54.5,50.4
2008-04-01,32.7,39.3,35.0,34.2,48.8
2008-05-01,11.9,18.4,19.0,0.3,18.3
2008-06-01,17.1,6.7,11.3,7.7,11.1
2008-07-01,73.0,51.9,52.6,41.6,42.2
2008-08-01,91.4,104.0,99.8,97.7,99.2
2008-09-01,27.1,28.4,34.5,39.3,25.0
2008-10-01,45.1,70.8,66.8,59.6,61.9
2008-11-01,18.4,18.8,19.6,21.8,10.3
2008-12-01,28.8,19.7,18.8,12.7,14.7
2009-01-01,18.2,21.0,14.9,17.6,16.5
2009-02-01,36.4,27.4,19.9,20.6,20.4
2009-03-01,59.2,48.0,42.2,39.0,36.4
2009-04-01,1.0,7.7,1.1,0.0,7.4
2009-05-01,80.9,75.4,51.9,46.9,86.4
2009-06-01,76.9,98.7,64.5,85.8,96.2
2009-07-01,96.0,183.0,124.7,123.5,100.2
2009-08-01,20.8,43.0,34.4,27.7,38.8
2009-09-01,38.2,37.4,20.1,18.1,38.6
2009-10-01,44.8,57.5,55.8,56.4,61.4
2009-11-01,39.4,47.1,47.6,42.4,38.5
2009-12-01,41.2,45.7,35.6,43.1,34.2
2010-01-01,34.2,40.9,37.0,43.7,40.0
2010-02-01,17.2,23.1,15.7,22.0,20.2
2010-03-01,49.0,39.7,32.5,47.8,39.4
2010-04-01,42.6,47.2,36.4,25.3,45.7
2010-05-01,81.8,102.6,100.2,0.0,109.8
2010-06-01,13.7,39.4,30.4,27.3,33.0
2010-07-01,92.1,113.6,123.4,158.6,112.6
2010-08-01,155.6,128.1,111.1,99.2,115.2
2010-09-01,71.3,66.0,55.2,70.2,47.3
2010-10-01,2.6,6.4,5.1,3.7,3.1
2010-11-01,100.0,135.5,104.5,112.6,121.8
2010-12-01,66.7,71.5,52.6,62.6,64.2
2011-01-01,27.4,34.7,25.4,32.4,25.2
2011-02-01,18.3,26.5,19.1,19.7,18.5
2011-03-01,18.9,19.3,17.0,16.4,16.4
2011-04-01,7.6,14.5,5.8,5.7,10.0
2011-05-01,28.7,27.6,31.6,24.3,22.4
2011-06-01,54.8,70.8,55.7,42.3,44.1
2011-07-01,116.9,127.6,107.3,101.7,97.9
2011-08-01,34.2,35.8,19.6,38.2,35.0
2011-09-01,19.8,28.0,17.0,20.2,30.4
2011-10-01,17.0,22.3,11.0,17.3,16.9
2011-11-01,2.0,1.5,0.9,0.1,1.0
2011-12-01,48.4,49.8,30.7,34.0,39.8
2012-01-01,58.6,62.2,49.2,42.3,49.9
2012-02-01,34.8,33.9,23.4,31.9,27.0
2012-03-01,13.0,15.0,9.8,13.7,8.2
2012-04-01,27.3,24.4,20.0,16.2,19.0
2012-05-01,46.4,49.3,36.2,39.5,27.3
2012-06-01,136.7,127.8,114.5,131.0,86.3
2012-07-01,125.7,104.0,117.5,88.1,82.2
2012-08-01,42.7,49.0,37.6,31.2,36.0
2012-09-01,31.5,37.8,36.9,48.5,27.1
2012-10-01,31.1,36.2,21.1,25.3,26.0
2012-11-01,55.2,51.6,44.4,39.7,43.5
2012-12-01,21.3,24.8,18.8,26.6,19.6
2013-01-01,53.9,73.9,52.3,64.1,58.9
2013-02-01,43.1,44.6,37.3,36.2,36.3
2013-03-01,20.9,42.3,29.3,37.8,36.3
2013-04-01,12.2,17.1,8.9,16.6,19.3
2013-05-01,85.1,89.7,73.2,78.5,93.0
2013-06-01,62.5,112.6,91.4,107.5,74.0
2013-07-01,44.3,54.5,97.0,98.6,48.9
2013-08-01,60.1,63.0,47.9,51.5,56.5
2013-09-01,54.3,77.5,88.9,99.7,76.9
2013-10-01,32.7,16.9,13.3,11.8,12.2
2013-11-01,38.5,48.8,35.6,36.3,41.7
2013-12-01,31.7,38.6,20.5,27.6,21.3
2014-01-01,36.2,54.4,40.1,41.8,52.8
2014-02-01,10.9,5.3,7.5,13.9,5.4
2014-03-01,60.3,62.9,49.1,51.7,37.9
2014-04-01,39.8,34.8,35.5,31.4,33.7
2014-05-01,55.8,57.6,54.5,50.1,52.2
2014-06-01,35.9,24.1,33.5,31.2,30.7
2014-07-01,54.4,80.5,44.0,32.3,60.9
2014-08-01,61.9,90.7,70.3,75.1,52.4
2014-09-01,25.4,38.3,41.0,40.0,37.7
2014-10-01,26.4,22.7,17.9,11.0,17.8
2014-11-01,20.5,19.7,22.0,23.7,19.1
2014-12-01,64.3,38.8,53.0,64.1,35.1
2015-01-01,28.6,37.1,25.4,30.7,27.7
2015-02-01,12.1,21.7,9.8,9.5,16.6
2015-03-01,35.6,46.1,27.7,33.6,34.1
2015-04-01,19.8,30.1,16.9,18.1,24.9
2015-05-01,18.3,23.1,20.3,21.9,23.2
2015-06-01,55.9,61.6,41.8,36.7,49.6
2015-07-01,85.5,133.1,84.5,86.6,88.7
2015-08-01,10.0,18.7,13.1,3.4,14.3
2015-09-01,52.6,39.8,30.1,35.8,32.3
2015-10-01,20.8,26.2,27.0,29.2,25.4
2015-11-01,39.5,48.4,35.1,35.6,48.0
2015-12-01,29.1,25.8,16.3,20.9,19.6
2016-01-01,27.4,30.5,24.9,28.4,28.7
2016-02-01,32.8,44.0,26.6,35.0,35.0
2016-03-01,23.6,29.1,15.3,14.4,15.7
2016-04-01,30.7,20.5,21.3,22.9,20.7
2016-05-01,66.1,56.9,49.7,59.0,31.7
2016-06-01,145.2,53.4,57.6,68.6,75.2
2016-07-01,176.3,170.6,150.0,128.5,165.1
2016-08-01,42.9,35.3,25.7,21.6,46.4
2016-09-01,4.8,1.1,2.3,0.6,0.9
2016-10-01,111.1,131.9,113.9,125.8,126.9
2016-11-01,38.0,40.7,29.5,33.6,32.3
2016-12-01,54.4,50.8,42.0,48.7,43.8
2017-01-01,19.5,21.6,11.4,13.2,18.7
2017-02-01,25.0,23.8,22.9,30.7,26.0
2017-03-01,31.4,32.4,19.0,28.7,30.7
2017-04-01,28.3,39.9,32.9,40.8,33.1
2017-05-01,56.9,55.5,54.5,97.7,67.5
2017-06-01,90.8,100.7,82.7,63.1,74.9
2017-07-01,112.3,122.2,85.7,71.5,110.1
2017-08-01,154.7,101.4,60.9,68.7,74.8
2017-09-01,36.8,84.8,84.4,86.6,78.7
2017-10-01,89.4,100.5,69.5,89.0,70.8
2017-11-01,26.9,49.8,32.3,32.0,35.8
2017-12-01,39.8,43.2,26.5,34.1,35.0
2018-01-01,59.7,44.3,31.9,36.5,40.1
2018-02-01,2.2,4.3,1.4,2.9,3.7
2018-03-01,32.1,31.5,32.7,38.7,34.1
2018-04-01,60.5,33.8,20.3,22.0,23.2
2018-05-01,4.4,26.3,11.8,21.7,31.8
2018-06-01,37.4,32.6,46.7,48.3,25.5
2018-07-01,114.8,105.9,114.2,109.2,106.8
2018-08-01,27.8,16.6,26.3,27.8,17.2
2018-09-01,42.0,40.8,26.9,24.8,36.1
2018-10-01,31.1,36.1,23.4,30.1,31.5
2018-11-01,10.7,19.7,13.3,,16.7
2018-12-01,59.6,63.4,46.3,,51.7
2019-01-01,22.9,35.4,30.0,,30.5
2019-02-01,19.7,22.8,27.7,,26.1
2019-03-01,24.3,33.9,28.8,,37.3
2019-04-01,7.5,8.6,9.3,,9.0
2019-05-01,83.2,73.4,75.7,,83.1
2019-06-01,29.0,25.0,18.4,,28.1
2019-07-01,20.4,26.4,25.8,,21.2
2019-08-01,20.1,51.9,44.9,,38.3
2019-09-01,64.4,62.1,66.8,,50.7
2019-10-01,36.8,26.0,20.4,,23.7
2019-11-01,60.0,41.8,45.2,,38.9
2019-12-01,20.0,20.6,16.2,,23.8
2020-01-01,40.5,40.8,35.7,,32.8
2020-02-01,51.5,65.5,37.8,,53.0
2020-03-01,22.5,27.0,19.3,,24.1
2020-04-01,4.4,3.3,1.8,,2.6
2020-05-01,52.7,44.6,41.1,,37.0
2020-06-01,149.9,144.2,126.2,,101.7
2020-07-01,65.1,57.9,71.8,,49.8
2020-08-01,107.1,96.8,78.0,,92.8
2020-09-01,68.7,54.3,71.8,,62.8
2020-10-01,56.4,71.5,53.3,,69.2
2020-11-01,11.3,8.8,9.0,,8.9
2020-12-01,30.3,34.2,23.2,,26.7
2021-01-01,56.7,55.8,49.5,,40.8
2021-02-01,42.9,43.8,45.0,,37.9
2021-03-01,19.9,16.3,10.7,,12.5
2021-04-01,37.1,40.3,34.7,,38.3
2021-05-01,80.6,98.2,97.1,,98.8
2021-06-01,31.6,29.4,14.6,,18.9
2021-07-01,44.5,105.2,63.0,,82.2
2021-08-01,57.4,101.4,104.7,,89.7
2021-09-01,14.0,9.3,15.9,,14.7
2021-10-01,34.4,15.2,19.2,,17.4
2021-11-01,33.3,29.5,28.3,,27.9
2021-12-01,35.4,24.3,22.4,,17.8
2022-01-01,47.9,49.1,38.8,,38.5
2022-02-01,56.5,49.3,41.1,,35.3
2022-03-01,1.4,0.0,0.1,,0.0
2022-04-01,28.8,46.0,27.7,,37.3
2022-05-01,40.8,42.0,38.9,,41.0
2022-06-01,36.0,69.4,98.3,,69.4
2022-07-01,50.9,63.3,66.7,,54.0
2022-08-01,44.7,80.9,14.1,,29.2
2022-09-01,48.3,40.2,61.3,,50.7
2022-10-01,37.2,35.7,34.3,,35.1
2022-11-01,22.3,17.0,17.2,,16.3
2022-12-01,32.0,38.7,35.0,,34.1
2023-01-01,51.9,49.2,38.1,,40.0
2023-02-01,39.9,45.8,34.0,,35.2
2023-03-01,59.6,52.3,39.8,,42.7
2023-04-01,24.9,31.6,37.7,,31.1
2023-05-01,16.4,17.6,18.0,,14.1
2023-06-01,66.6,44.8,54.9,,24.3
2023-07-01,57.9,40.3,36.1,,33.4
2023-08-01,108.6,100.7,57.3,,82.1
2023-09-01,11.2,9.8,6.4,,7.0
2023-10-01,58.4,47.1,44.8,,40.9
2023-11-01,88.5,97.4,75.1,,76.2
2023-12-01,67.8,53.7,45.1,,56.0
2024-01-01,51.9,47.3,45.0,,47.5
2024-02-01,76.8,63.6,62.1,,56.7
2024-03-01,27.5,19.2,24.2,,16.6
2024-04-01,45.9,37.0,45.0,,40.8
